100
1 85
85 61
85 19
19 63
1 74
63 8
85 52
74 65
8 82
63 47
65 67
74 49
1 68
1 26
19 99
8 89
49 91
26 55
63 79
67 56
82 31
79 64
68 4
74 43
26 30
64 33
89 25
33 24
8 53
65 94
49 100
33 58
19 88
82 37
52 80
49 10
10 39
68 7
79 77
26 51
85 83
26 2
85 45
100 48
56 38
24 44
64 95
51 70
43 6
80 81
70 40
61 92
26 13
38 12
45 75
75 41
45 97
97 90
68 78
97 32
51 18
40 62
97 54
43 36
44 3
6 16
91 71
40 87
70 66
8 20
87 84
2 98
88 42
71 29
67 23
49 5
37 60
67 50
62 11
63 35
7 17
79 86
40 46
45 96
83 93
97 14
17 69
13 28
68 9
75 21
42 72
38 34
13 27
19 15
45 57
65 76
63 59
66 22
19 73
