50 1000
1 0 0 0 0 0 0 0 0 0 0 0 0 0 0 0 0 0 0 0 0 0 0 0 0 0 0 0 0 0 0 0 0 0 0 0 0 0 0 0 0 0 0 0 0 0 0 0 0 0
400
1 5 78 280
1 18 54 142
1 19 88 187
1 21 64 241
1 23 10 211
1 24 68 281
1 26 41 179
1 32 46 237
1 33 14 198
1 46 91 244
2 3 97 128
2 10 59 334
2 11 76 197
2 22 46 282
2 29 70 325
2 30 98 315
2 34 49 278
2 40 68 315
2 41 70 210
2 43 81 199
3 4 43 196
3 6 64 149
3 7 24 155
3 8 83 224
3 9 30 127
3 13 89 155
3 14 53 299
3 17 82 306
3 27 21 249
3 28 69 195
3 31 77 214
3 35 56 297
3 36 79 339
3 37 30 114
3 38 89 267
3 44 93 267
3 48 75 235
3 49 90 205
3 50 87 341
4 10 41 268
4 11 52 219
4 22 87 346
4 29 66 241
4 30 14 311
4 34 84 143
4 40 56 272
4 41 37 251
4 43 93 346
5 6 19 345
5 7 75 241
5 9 64 321
5 12 95 317
5 14 93 108
5 15 75 249
5 16 15 308
5 20 28 123
5 25 92 126
5 31 93 335
5 35 93 115
5 37 36 249
5 38 59 205
5 39 78 196
5 42 78 105
5 44 62 281
5 45 68 116
5 47 65 338
5 48 76 263
6 10 51 247
6 11 94 114
6 18 5 319
6 19 46 251
6 21 2 348
6 22 47 195
6 23 33 186
6 24 38 266
6 26 4 284
6 29 34 152
6 30 68 229
6 32 74 138
6 33 77 200
6 34 11 243
6 40 29 311
6 41 95 203
6 43 37 243
6 46 46 118
7 10 62 105
7 11 33 109
7 18 13 194
7 19 54 149
7 21 56 330
7 22 92 186
7 23 44 148
7 24 56 204
7 26 56 266
7 29 57 239
7 30 61 245
7 32 47 249
7 33 16 205
7 34 72 232
7 40 92 215
7 41 58 246
7 43 59 219
7 46 89 209
8 10 34 109
8 11 85 295
8 22 1 112
8 29 24 120
8 30 7 342
8 34 46 194
8 40 25 257
8 41 95 167
8 43 70 239
9 10 66 327
9 11 34 107
9 18 53 235
9 19 12 225
9 21 79 322
9 22 73 145
9 23 30 206
9 24 52 290
9 26 90 276
9 29 74 282
9 30 56 107
9 32 25 104
9 33 66 309
9 34 95 257
9 40 99 342
9 41 89 223
9 43 62 240
9 46 84 145
10 13 88 122
10 14 74 236
10 17 66 199
10 27 74 182
10 28 69 272
10 31 47 345
10 35 2 270
10 36 57 239
10 37 8 200
10 38 98 202
10 44 49 221
10 48 92 119
10 49 47 114
10 50 86 198
11 13 29 247
11 14 99 206
11 17 69 251
11 27 74 173
11 28 38 316
11 31 16 315
11 35 29 187
11 36 15 272
11 37 18 308
11 38 92 304
11 44 2 135
11 48 75 109
11 49 62 293
11 50 25 191
12 18 85 220
12 19 88 191
12 21 11 104
12 23 93 303
12 24 8 162
12 26 12 225
12 32 37 344
12 33 46 265
12 46 2 306
13 22 94 307
13 29 67 111
13 30 48 199
13 34 88 212
13 40 52 114
13 41 26 178
13 43 42 305
14 18 63 140
14 19 98 225
14 21 63 168
14 22 12 288
14 23 46 121
14 24 13 193
14 26 71 312
14 29 3 220
14 30 19 258
14 32 18 334
14 33 91 292
14 34 70 329
14 40 22 291
14 41 63 254
14 43 53 144
14 46 47 332
15 18 91 191
15 19 21 234
15 21 94 106
15 23 79 246
15 24 30 155
15 26 57 144
15 32 64 151
15 33 39 326
15 46 70 213
16 18 73 254
16 19 54 264
16 21 18 125
16 23 73 226
16 24 99 221
16 26 61 163
16 32 31 207
16 33 34 193
16 46 27 196
17 22 87 332
17 29 29 280
17 30 61 269
17 34 88 197
17 40 39 136
17 41 96 319
17 43 82 109
18 20 51 246
18 25 77 114
18 31 90 261
18 35 93 105
18 37 75 232
18 38 42 141
18 39 89 201
18 42 72 247
18 44 100 316
18 45 96 236
18 47 36 289
18 48 6 254
19 20 60 282
19 25 41 118
19 31 50 202
19 35 84 269
19 37 59 316
19 38 13 163
19 39 78 138
19 42 76 328
19 44 59 211
19 45 28 116
19 47 89 311
19 48 28 257
20 21 19 201
20 23 61 327
20 24 14 273
20 26 74 290
20 32 8 163
20 33 94 336
20 46 33 261
21 25 55 106
21 31 7 309
21 35 47 197
21 37 29 260
21 38 66 171
21 39 77 318
21 42 22 164
21 44 89 325
21 45 26 336
21 47 45 246
21 48 94 209
22 27 93 246
22 28 79 295
22 31 22 272
22 35 38 193
22 36 1 245
22 37 82 240
22 38 26 207
22 44 22 189
22 48 5 330
22 49 92 302
22 50 82 149
23 25 40 263
23 31 33 196
23 35 32 262
23 37 65 208
23 38 86 241
23 39 74 248
23 42 11 157
23 44 82 184
23 45 92 266
23 47 19 272
23 48 5 175
24 25 61 154
24 31 80 337
24 35 66 298
24 37 87 163
24 38 53 263
24 39 15 121
24 42 37 239
24 44 83 156
24 45 36 241
24 47 46 293
24 48 32 143
25 26 25 317
25 32 18 169
25 33 47 277
25 46 47 319
26 31 3 202
26 35 51 212
26 37 37 318
26 38 95 274
26 39 90 261
26 42 88 153
26 44 80 185
26 45 15 291
26 47 70 161
26 48 69 105
27 29 2 334
27 30 68 155
27 34 37 128
27 40 51 127
27 41 81 264
27 43 83 279
28 29 26 174
28 30 60 140
28 34 36 152
28 40 9 306
28 41 23 336
28 43 13 319
29 31 66 203
29 35 26 225
29 36 3 327
29 37 28 226
29 38 80 208
29 44 10 183
29 48 20 189
29 49 65 150
29 50 61 246
30 31 58 172
30 35 99 233
30 36 25 233
30 37 67 206
30 38 100 209
30 44 73 130
30 48 1 338
30 49 50 136
30 50 71 132
31 32 95 236
31 33 56 212
31 34 2 214
31 40 68 125
31 41 65 105
31 43 43 259
31 46 27 137
32 35 84 250
32 37 76 158
32 38 25 118
32 39 84 346
32 42 42 314
32 44 37 135
32 45 6 285
32 47 1 287
32 48 5 147
33 35 12 154
33 37 62 340
33 38 17 250
33 39 89 127
33 42 51 326
33 44 48 214
33 45 62 348
33 47 57 105
33 48 27 345
34 35 38 120
34 36 20 110
34 37 75 193
34 38 29 104
34 44 78 262
34 48 100 341
34 49 76 267
34 50 53 242
35 40 26 338
35 41 76 236
35 43 36 326
35 46 24 268
36 40 79 249
36 41 38 227
36 43 72 108
37 40 60 230
37 41 70 264
37 43 53 102
37 46 78 200
38 40 90 227
38 41 14 214
38 43 87 286
38 46 29 178
39 46 81 332
40 44 69 326
40 48 36 245
40 49 13 115
40 50 51 259
41 44 66 134
41 48 44 185
41 49 18 288
41 50 90 219
42 46 2 200
43 44 23 131
43 48 95 134
43 49 13 186
43 50 92 194
44 46 62 172
45 46 2 164
46 47 64 243
46 48 36 268
